# frame times for dvs-video.avi
# frame# time(s)
0	  0.003400
1	  0.005400
2	  0.007400
3	  0.009400
4	  0.011400
5	  0.013400
6	  0.015400
7	  0.017400
8	  0.019400
9	  0.021400
10	  0.023400
11	  0.025400
12	  0.027400
13	  0.029400
14	  0.031400
15	  0.033400
16	  0.035400
17	  0.037400
18	  0.039400
19	  0.041400
20	  0.043400
21	  0.045400
22	  0.047400
23	  0.049400
24	  0.051400
25	  0.053400
26	  0.055400
27	  0.057400
28	  0.059400
29	  0.061400
30	  0.063400
31	  0.065400
32	  0.067400
33	  0.069400
34	  0.071400
35	  0.073400
36	  0.075400
37	  0.077400
38	  0.079400
39	  0.081400
40	  0.083400
41	  0.085400
42	  0.087400
43	  0.089400
44	  0.091400
45	  0.093400
46	  0.095400
47	  0.097400
48	  0.099400
49	  0.101400
50	  0.103400
51	  0.105400
52	  0.107400
53	  0.109400
54	  0.111400
55	  0.113400
56	  0.115400
57	  0.117400
58	  0.119400
59	  0.121400
60	  0.123400
61	  0.125400
62	  0.127400
63	  0.129400
64	  0.131400
65	  0.133400
66	  0.135400
67	  0.137400
68	  0.139400
69	  0.141400
70	  0.143400
71	  0.145400
72	  0.147400
73	  0.149400
74	  0.151400
75	  0.153400
76	  0.155400
77	  0.157400
78	  0.159400
79	  0.161400
80	  0.163400
81	  0.165400
82	  0.167400
83	  0.169400
84	  0.171400
85	  0.173400
86	  0.175400
87	  0.177400
88	  0.179400
89	  0.181400
90	  0.183400
91	  0.185400
92	  0.187400
93	  0.189400
94	  0.191400
95	  0.193400
96	  0.195400
97	  0.197400
98	  0.199400
99	  0.201400
100	  0.203400
101	  0.205400
102	  0.207400
103	  0.209400
104	  0.211400
105	  0.213400
106	  0.215400
107	  0.217400
108	  0.219400
109	  0.221400
110	  0.223400
111	  0.225400
112	  0.227400
113	  0.229400
114	  0.231400
115	  0.233400
116	  0.235400
117	  0.237400
118	  0.239400
119	  0.241400
120	  0.243400
121	  0.245400
122	  0.247400
123	  0.249400
124	  0.251400
125	  0.253400
126	  0.255400
127	  0.257400
128	  0.259400
129	  0.261400
130	  0.263400
131	  0.265400
132	  0.267400
133	  0.269400
134	  0.271400
135	  0.273400
136	  0.275400
137	  0.277400
138	  0.279400
139	  0.281400
140	  0.283400
141	  0.285400
142	  0.287400
143	  0.289400
144	  0.291400
145	  0.293400
146	  0.295400
147	  0.297400
148	  0.299400
149	  0.301400
150	  0.303400
151	  0.305400
152	  0.307400
153	  0.309400
154	  0.311400
155	  0.313400
156	  0.315400
157	  0.317400
158	  0.319400
159	  0.321400
160	  0.323400
161	  0.325400
162	  0.327400
163	  0.329400
164	  0.331400
165	  0.333400
166	  0.335400
167	  0.337400
168	  0.339400
169	  0.341400
170	  0.343400
171	  0.345400
172	  0.347400
173	  0.349400
174	  0.351400
175	  0.353400
176	  0.355400
177	  0.357400
178	  0.359400
179	  0.361400
180	  0.363400
181	  0.365400
182	  0.367400
183	  0.369400
184	  0.371400
185	  0.373400
186	  0.375400
187	  0.377400
188	  0.379400
189	  0.381400
190	  0.383400
191	  0.385400
192	  0.387400
193	  0.389400
194	  0.391400
195	  0.393400
196	  0.395400
197	  0.397400
198	  0.399400
199	  0.401400
200	  0.403400
201	  0.405400
202	  0.407400
203	  0.409400
204	  0.411400
205	  0.413401
206	  0.415401
207	  0.417401
208	  0.419401
209	  0.421401
210	  0.423401
211	  0.425401
212	  0.427401
213	  0.429401
214	  0.431401
215	  0.433401
216	  0.435401
217	  0.437401
218	  0.439401
219	  0.441401
220	  0.443401
221	  0.445401
222	  0.447401
223	  0.449401
224	  0.451401
225	  0.453401
226	  0.455401
227	  0.457401
228	  0.459401
229	  0.461401
230	  0.463401
231	  0.465401
232	  0.467401
233	  0.469401
234	  0.471401
235	  0.473401
236	  0.475401
237	  0.477401
238	  0.479401
239	  0.481401
240	  0.483401
241	  0.485401
242	  0.487401
243	  0.489401
244	  0.491401
245	  0.493401
246	  0.495401
247	  0.497401
248	  0.499401
249	  0.501401
250	  0.503401
251	  0.505401
252	  0.507401
253	  0.509401
254	  0.511401
255	  0.513400
256	  0.515400
257	  0.517400
258	  0.519400
259	  0.521400
260	  0.523400
261	  0.525400
262	  0.527400
263	  0.529400
264	  0.531400
265	  0.533400
266	  0.535400
267	  0.537400
268	  0.539400
269	  0.541400
270	  0.543400
271	  0.545400
272	  0.547400
273	  0.549400
274	  0.551400
275	  0.553400
276	  0.555400
277	  0.557400
278	  0.559400
279	  0.561400
280	  0.563400
281	  0.565400
282	  0.567400
283	  0.569400
284	  0.571400
285	  0.573400
286	  0.575400
287	  0.577400
288	  0.579400
289	  0.581400
290	  0.583400
291	  0.585400
292	  0.587400
293	  0.589400
294	  0.591399
295	  0.593399
296	  0.595399
297	  0.597399
298	  0.599399
299	  0.601399
300	  0.603399
301	  0.605399
302	  0.607399
303	  0.609399
304	  0.611399
305	  0.613399
306	  0.615399
307	  0.617399
308	  0.619399
309	  0.621399
310	  0.623399
311	  0.625399
312	  0.627399
313	  0.629399
314	  0.631399
315	  0.633399
316	  0.635399
317	  0.637399
318	  0.639399
319	  0.641399
320	  0.643399
321	  0.645399
322	  0.647399
323	  0.649399
324	  0.651399
325	  0.653399
326	  0.655399
327	  0.657399
328	  0.659399
329	  0.661399
330	  0.663399
331	  0.665399
332	  0.667399
333	  0.669398
334	  0.671398
335	  0.673398
336	  0.675398
337	  0.677398
338	  0.679398
339	  0.681398
340	  0.683398
341	  0.685398
342	  0.687398
343	  0.689398
344	  0.691398
345	  0.693398
346	  0.695398
347	  0.697398
348	  0.699398
349	  0.701398
350	  0.703398
351	  0.705398
352	  0.707398
353	  0.709398
354	  0.711398
355	  0.713398
356	  0.715398
357	  0.717398
358	  0.719398
359	  0.721398
360	  0.723398
361	  0.725398
362	  0.727398
363	  0.729398
364	  0.731398
365	  0.733398
366	  0.735398
367	  0.737398
368	  0.739398
369	  0.741398
370	  0.743398
371	  0.745398
372	  0.747397
373	  0.749397
374	  0.751397
375	  0.753397
376	  0.755397
377	  0.757397
378	  0.759397
379	  0.761397
380	  0.763397
381	  0.765397
382	  0.767397
383	  0.769397
384	  0.771397
385	  0.773397
386	  0.775397
387	  0.777397
388	  0.779397
389	  0.781397
390	  0.783397
391	  0.785397
392	  0.787397
393	  0.789397
394	  0.791397
395	  0.793397
396	  0.795397
397	  0.797397
398	  0.799397
399	  0.801397
400	  0.803397
401	  0.805397
402	  0.807397
403	  0.809397
404	  0.811397
405	  0.813397
406	  0.815397
407	  0.817397
408	  0.819397
409	  0.821397
410	  0.823397
411	  0.825396
412	  0.827396
413	  0.829396
414	  0.831396
415	  0.833396
416	  0.835396
417	  0.837396
418	  0.839396
419	  0.841396
420	  0.843396
421	  0.845396
422	  0.847396
423	  0.849396
424	  0.851396
425	  0.853396
426	  0.855396
427	  0.857396
428	  0.859396
429	  0.861396
430	  0.863396
431	  0.865396
432	  0.867396
433	  0.869396
434	  0.871396
435	  0.873396
436	  0.875396
437	  0.877396
438	  0.879396
439	  0.881396
440	  0.883396
441	  0.885396
442	  0.887396
443	  0.889396
444	  0.891396
445	  0.893396
446	  0.895396
447	  0.897396
448	  0.899396
449	  0.901395
450	  0.903395
451	  0.905395
452	  0.907395
453	  0.909395
454	  0.911395
455	  0.913395
456	  0.915395
457	  0.917395
458	  0.919395
459	  0.921395
460	  0.923395
461	  0.925395
462	  0.927395
463	  0.929395
464	  0.931395
465	  0.933395
466	  0.935395
467	  0.937395
468	  0.939395
469	  0.941395
470	  0.943395
471	  0.945395
472	  0.947395
473	  0.949395
474	  0.951395
475	  0.953395
476	  0.955395
477	  0.957395
478	  0.959395
479	  0.961395
480	  0.963395
481	  0.965395
482	  0.967395
483	  0.969395
484	  0.971395
485	  0.973395
486	  0.975395
487	  0.977395
488	  0.979394
489	  0.981394
490	  0.983394
491	  0.985394
492	  0.987394
493	  0.989394
494	  0.991394
495	  0.993394
496	  0.995394
497	  0.997394
498	  0.999394
499	  1.001394
500	  1.003394
501	  1.005394
502	  1.007394
503	  1.009394
504	  1.011394
505	  1.013394
506	  1.015394
507	  1.017394
508	  1.019394
509	  1.021394
510	  1.023394
511	  1.025394
512	  1.027394
513	  1.029394
514	  1.031394
515	  1.033394
516	  1.035394
517	  1.037394
518	  1.039394
519	  1.041394
520	  1.043394
521	  1.045394
522	  1.047394
523	  1.049394
524	  1.051394
525	  1.053394
526	  1.055394
527	  1.057394
528	  1.059394
529	  1.061393
530	  1.063393
531	  1.065393
532	  1.067393
533	  1.069393
534	  1.071393
535	  1.073393
536	  1.075393
537	  1.077393
538	  1.079393
539	  1.081393
540	  1.083393
541	  1.085393
542	  1.087393
543	  1.089393
544	  1.091393
545	  1.093393
546	  1.095393
547	  1.097393
548	  1.099393
549	  1.101393
550	  1.103393
551	  1.105393
552	  1.107393
553	  1.109393
554	  1.111393
555	  1.113393
556	  1.115393
557	  1.117393
558	  1.119393
559	  1.121393
560	  1.123393
561	  1.125393
562	  1.127393
563	  1.129393
564	  1.131393
565	  1.133393
566	  1.135393
567	  1.137393
568	  1.139392
569	  1.141392
570	  1.143392
571	  1.145392
572	  1.147392
573	  1.149392
574	  1.151392
575	  1.153392
576	  1.155392
577	  1.157392
578	  1.159392
579	  1.161392
580	  1.163392
581	  1.165392
582	  1.167392
583	  1.169392
584	  1.171392
585	  1.173392
586	  1.175392
587	  1.177392
588	  1.179392
589	  1.181392
590	  1.183392
591	  1.185392
592	  1.187392
593	  1.189392
594	  1.191392
595	  1.193392
596	  1.195392
597	  1.197392
598	  1.199392
599	  1.201392
600	  1.203392
601	  1.205392
602	  1.207392
603	  1.209392
604	  1.211392
605	  1.213392
606	  1.215392
607	  1.217391
608	  1.219391
609	  1.221391
610	  1.223391
611	  1.225391
612	  1.227391
613	  1.229391
614	  1.231391
615	  1.233391
616	  1.235391
617	  1.237391
618	  1.239391
619	  1.241391
620	  1.243391
621	  1.245391
622	  1.247391
623	  1.249391
624	  1.251391
625	  1.253391
626	  1.255391
627	  1.257391
628	  1.259391
629	  1.261391
630	  1.263391
631	  1.265391
632	  1.267391
633	  1.269391
634	  1.271391
635	  1.273391
636	  1.275391
637	  1.277391
638	  1.279391
639	  1.281391
640	  1.283391
641	  1.285391
642	  1.287391
643	  1.289391
644	  1.291391
645	  1.293391
646	  1.295390
647	  1.297390
648	  1.299390
649	  1.301390
650	  1.303390
651	  1.305390
652	  1.307390
653	  1.309390
654	  1.311390
655	  1.313390
656	  1.315390
657	  1.317390
658	  1.319390
659	  1.321390
660	  1.323390
661	  1.325390
662	  1.327390
663	  1.329390
664	  1.331390
665	  1.333390
666	  1.335390
667	  1.337390
668	  1.339390
669	  1.341390
670	  1.343390
671	  1.345390
672	  1.347390
673	  1.349390
674	  1.351390
675	  1.353390
676	  1.355390
677	  1.357390
678	  1.359390
679	  1.361390
680	  1.363390
681	  1.365390
682	  1.367390
683	  1.369390
684	  1.371390
685	  1.373389
686	  1.375389
687	  1.377389
688	  1.379389
689	  1.381389
690	  1.383389
691	  1.385389
692	  1.387389
693	  1.389389
694	  1.391389
695	  1.393389
696	  1.395389
697	  1.397389
698	  1.399389
699	  1.401389
700	  1.403389
701	  1.405389
702	  1.407389
703	  1.409389
704	  1.411389
705	  1.413389
706	  1.415389
707	  1.417389
708	  1.419389
709	  1.421389
710	  1.423389
711	  1.425389
712	  1.427389
713	  1.429389
714	  1.431389
715	  1.433389
716	  1.435389
717	  1.437389
718	  1.439389
719	  1.441389
720	  1.443389
721	  1.445389
722	  1.447389
723	  1.449389
724	  1.451388
725	  1.453388
726	  1.455388
727	  1.457388
728	  1.459388
729	  1.461388
730	  1.463388
731	  1.465388
732	  1.467388
733	  1.469388
734	  1.471388
735	  1.473388
736	  1.475388
737	  1.477388
738	  1.479388
739	  1.481388
740	  1.483388
741	  1.485388
742	  1.487388
743	  1.489388
744	  1.491388
745	  1.493388
746	  1.495388
747	  1.497388
748	  1.499388
749	  1.501388
750	  1.503388
751	  1.505388
752	  1.507388
753	  1.509388
754	  1.511388
755	  1.513388
756	  1.515388
757	  1.517388
758	  1.519388
759	  1.521388
760	  1.523388
761	  1.525388
762	  1.527387
763	  1.529387
764	  1.531387
765	  1.533387
766	  1.535387
767	  1.537387
768	  1.539387
769	  1.541387
770	  1.543387
771	  1.545387
772	  1.547387
773	  1.549387
774	  1.551387
775	  1.553387
776	  1.555387
777	  1.557387
778	  1.559387
779	  1.561387
780	  1.563387
781	  1.565387
782	  1.567387
783	  1.569387
784	  1.571387
785	  1.573387
786	  1.575387
787	  1.577387
788	  1.579387
789	  1.581387
790	  1.583387
791	  1.585387
792	  1.587387
793	  1.589387
794	  1.591387
795	  1.593387
796	  1.595387
797	  1.597387
798	  1.599387
799	  1.601387
800	  1.603387
801	  1.605386
802	  1.607386
803	  1.609386
804	  1.611386
805	  1.613386
806	  1.615386
807	  1.617386
808	  1.619386
809	  1.621386
810	  1.623386
811	  1.625386
812	  1.627386
813	  1.629386
814	  1.631386
815	  1.633386
816	  1.635386
817	  1.637386
818	  1.639386
819	  1.641386
820	  1.643386
821	  1.645386
822	  1.647386
823	  1.649386
824	  1.651386
825	  1.653386
826	  1.655386
827	  1.657386
828	  1.659386
829	  1.661386
830	  1.663386
831	  1.665386
832	  1.667386
833	  1.669386
834	  1.671386
835	  1.673386
836	  1.675386
837	  1.677386
838	  1.679386
839	  1.681386
840	  1.683385
841	  1.685385
842	  1.687385
843	  1.689385
844	  1.691385
845	  1.693385
846	  1.695385
847	  1.697385
848	  1.699385
849	  1.701385
850	  1.703385
851	  1.705385
852	  1.707385
853	  1.709385
854	  1.711385
855	  1.713385
856	  1.715385
857	  1.717385
858	  1.719385
859	  1.721385
860	  1.723385
861	  1.725385
862	  1.727385
863	  1.729385
864	  1.731385
865	  1.733385
866	  1.735385
867	  1.737385
868	  1.739385
869	  1.741385
870	  1.743385
871	  1.745385
872	  1.747385
873	  1.749385
874	  1.751385
875	  1.753385
876	  1.755385
877	  1.757385
878	  1.759385
879	  1.761384
880	  1.763384
881	  1.765384
882	  1.767384
883	  1.769384
884	  1.771384
885	  1.773384
886	  1.775384
887	  1.777384
888	  1.779384
889	  1.781384
890	  1.783384
891	  1.785384
892	  1.787384
893	  1.789384
894	  1.791384
895	  1.793384
896	  1.795384
897	  1.797384
898	  1.799384
899	  1.801384
900	  1.803384
901	  1.805384
902	  1.807384
903	  1.809384
904	  1.811384
905	  1.813384
906	  1.815384
907	  1.817384
908	  1.819384
909	  1.821384
910	  1.823384
911	  1.825384
912	  1.827384
913	  1.829384
914	  1.831384
915	  1.833384
916	  1.835384
917	  1.837384
918	  1.839383
919	  1.841383
920	  1.843383
921	  1.845383
922	  1.847383
923	  1.849383
924	  1.851383
925	  1.853383
926	  1.855383
927	  1.857383
928	  1.859383
929	  1.861383
930	  1.863383
931	  1.865383
932	  1.867383
933	  1.869383
934	  1.871383
935	  1.873383
936	  1.875383
937	  1.877383
938	  1.879383
939	  1.881383
940	  1.883383
941	  1.885383
942	  1.887383
943	  1.889383
944	  1.891383
945	  1.893383
946	  1.895383
947	  1.897383
948	  1.899383
949	  1.901383
950	  1.903383
951	  1.905383
952	  1.907383
953	  1.909383
954	  1.911383
955	  1.913383
956	  1.915383
957	  1.917382
958	  1.919382
959	  1.921382
960	  1.923382
961	  1.925382
962	  1.927382
963	  1.929382
964	  1.931382
965	  1.933382
966	  1.935382
967	  1.937382
968	  1.939382
969	  1.941382
970	  1.943382
971	  1.945382
972	  1.947382
973	  1.949382
974	  1.951382
975	  1.953382
976	  1.955382
977	  1.957382
978	  1.959382
979	  1.961382
980	  1.963382
981	  1.965382
982	  1.967382
983	  1.969382
984	  1.971382
985	  1.973382
986	  1.975382
987	  1.977382
988	  1.979382
989	  1.981382
990	  1.983382
991	  1.985382
992	  1.987382
993	  1.989382
994	  1.991382
995	  1.993382
996	  1.995381
997	  1.997381
