# frame times for dvs-video.avi
# frame# time(s)
0	  0.003200
1	  0.005200
2	  0.007200
3	  0.009200
4	  0.011200
5	  0.013200
6	  0.015200
7	  0.017200
8	  0.019200
9	  0.021200
10	  0.023200
11	  0.025200
12	  0.027200
13	  0.029200
14	  0.031200
15	  0.033200
16	  0.035200
17	  0.037200
18	  0.039200
19	  0.041200
20	  0.043200
21	  0.045200
22	  0.047200
23	  0.049200
24	  0.051200
25	  0.053200
26	  0.055200
27	  0.057200
28	  0.059200
29	  0.061200
30	  0.063200
31	  0.065200
32	  0.067200
33	  0.069200
34	  0.071200
35	  0.073200
36	  0.075200
37	  0.077200
38	  0.079200
39	  0.081200
40	  0.083200
41	  0.085200
42	  0.087200
43	  0.089200
44	  0.091200
45	  0.093200
46	  0.095200
47	  0.097200
48	  0.099200
49	  0.101200
50	  0.103200
51	  0.105200
52	  0.107200
53	  0.109200
54	  0.111200
55	  0.113200
56	  0.115200
57	  0.117200
58	  0.119200
59	  0.121200
60	  0.123200
61	  0.125200
62	  0.127200
63	  0.129200
64	  0.131200
65	  0.133200
66	  0.135200
67	  0.137200
68	  0.139200
69	  0.141200
70	  0.143200
71	  0.145200
72	  0.147200
73	  0.149200
74	  0.151200
75	  0.153200
76	  0.155200
77	  0.157200
78	  0.159200
79	  0.161200
80	  0.163200
81	  0.165200
82	  0.167200
83	  0.169200
84	  0.171200
85	  0.173200
86	  0.175200
87	  0.177200
88	  0.179200
89	  0.181200
90	  0.183200
91	  0.185200
92	  0.187200
93	  0.189200
94	  0.191200
95	  0.193200
96	  0.195200
97	  0.197200
98	  0.199200
99	  0.201200
100	  0.203200
101	  0.205200
102	  0.207200
103	  0.209200
104	  0.211200
105	  0.213200
106	  0.215200
107	  0.217200
108	  0.219200
109	  0.221200
110	  0.223200
111	  0.225200
112	  0.227200
113	  0.229200
114	  0.231200
115	  0.233200
116	  0.235200
117	  0.237200
118	  0.239200
119	  0.241200
120	  0.243200
121	  0.245200
122	  0.247200
123	  0.249200
124	  0.251200
125	  0.253200
126	  0.255200
127	  0.257200
128	  0.259200
129	  0.261200
130	  0.263200
131	  0.265200
132	  0.267200
133	  0.269200
134	  0.271200
135	  0.273200
136	  0.275200
137	  0.277200
138	  0.279200
139	  0.281200
140	  0.283200
141	  0.285200
142	  0.287200
143	  0.289200
144	  0.291200
145	  0.293200
146	  0.295200
147	  0.297200
148	  0.299200
149	  0.301200
150	  0.303200
151	  0.305200
152	  0.307200
153	  0.309200
154	  0.311200
155	  0.313200
156	  0.315200
157	  0.317200
158	  0.319200
159	  0.321200
160	  0.323200
161	  0.325200
162	  0.327200
163	  0.329200
164	  0.331200
165	  0.333200
166	  0.335200
167	  0.337200
168	  0.339200
169	  0.341200
170	  0.343200
171	  0.345200
172	  0.347200
173	  0.349200
174	  0.351200
175	  0.353200
176	  0.355200
177	  0.357200
178	  0.359200
179	  0.361200
180	  0.363200
181	  0.365200
182	  0.367200
183	  0.369200
184	  0.371200
185	  0.373200
186	  0.375200
187	  0.377200
188	  0.379200
189	  0.381200
190	  0.383200
191	  0.385200
192	  0.387200
193	  0.389200
194	  0.391200
195	  0.393200
196	  0.395200
197	  0.397200
198	  0.399200
199	  0.401200
200	  0.403200
201	  0.405200
202	  0.407200
203	  0.409200
204	  0.411200
205	  0.413200
206	  0.415201
207	  0.417201
208	  0.419201
209	  0.421201
210	  0.423201
211	  0.425201
212	  0.427201
213	  0.429201
214	  0.431201
215	  0.433201
216	  0.435201
217	  0.437201
218	  0.439201
219	  0.441201
220	  0.443201
221	  0.445201
222	  0.447201
223	  0.449201
224	  0.451201
225	  0.453201
226	  0.455201
227	  0.457201
228	  0.459201
229	  0.461201
230	  0.463201
231	  0.465201
232	  0.467201
233	  0.469201
234	  0.471201
235	  0.473201
236	  0.475201
237	  0.477201
238	  0.479201
239	  0.481201
240	  0.483201
241	  0.485201
242	  0.487201
243	  0.489201
244	  0.491201
245	  0.493201
246	  0.495201
247	  0.497201
248	  0.499201
249	  0.501201
250	  0.503201
251	  0.505201
252	  0.507201
253	  0.509201
254	  0.511201
255	  0.513201
256	  0.515200
257	  0.517200
258	  0.519200
259	  0.521200
260	  0.523200
261	  0.525200
262	  0.527200
263	  0.529200
264	  0.531200
265	  0.533200
266	  0.535200
267	  0.537200
268	  0.539200
269	  0.541200
270	  0.543200
271	  0.545200
272	  0.547200
273	  0.549200
274	  0.551200
275	  0.553200
276	  0.555200
277	  0.557200
278	  0.559200
279	  0.561200
280	  0.563200
281	  0.565200
282	  0.567200
283	  0.569200
284	  0.571200
285	  0.573200
286	  0.575200
287	  0.577200
288	  0.579200
289	  0.581200
290	  0.583200
291	  0.585200
292	  0.587200
293	  0.589200
294	  0.591200
295	  0.593199
296	  0.595199
297	  0.597199
298	  0.599199
299	  0.601199
300	  0.603199
301	  0.605199
302	  0.607199
303	  0.609199
304	  0.611199
305	  0.613199
306	  0.615199
307	  0.617199
308	  0.619199
309	  0.621199
310	  0.623199
311	  0.625199
312	  0.627199
313	  0.629199
314	  0.631199
315	  0.633199
316	  0.635199
317	  0.637199
318	  0.639199
319	  0.641199
320	  0.643199
321	  0.645199
322	  0.647199
323	  0.649199
324	  0.651199
325	  0.653199
326	  0.655199
327	  0.657199
328	  0.659199
329	  0.661199
330	  0.663199
331	  0.665199
332	  0.667199
333	  0.669199
334	  0.671198
335	  0.673198
336	  0.675198
337	  0.677198
338	  0.679198
339	  0.681198
340	  0.683198
341	  0.685198
342	  0.687198
343	  0.689198
344	  0.691198
345	  0.693198
346	  0.695198
347	  0.697198
348	  0.699198
349	  0.701198
350	  0.703198
351	  0.705198
352	  0.707198
353	  0.709198
354	  0.711198
355	  0.713198
356	  0.715198
357	  0.717198
358	  0.719198
359	  0.721198
360	  0.723198
361	  0.725198
362	  0.727198
363	  0.729198
364	  0.731198
365	  0.733198
366	  0.735198
367	  0.737198
368	  0.739198
369	  0.741198
370	  0.743198
371	  0.745198
372	  0.747198
373	  0.749197
374	  0.751197
375	  0.753197
376	  0.755197
377	  0.757197
378	  0.759197
379	  0.761197
380	  0.763197
381	  0.765197
382	  0.767197
383	  0.769197
384	  0.771197
385	  0.773197
386	  0.775197
387	  0.777197
388	  0.779197
389	  0.781197
390	  0.783197
391	  0.785197
392	  0.787197
393	  0.789197
394	  0.791197
395	  0.793197
396	  0.795197
397	  0.797197
398	  0.799197
399	  0.801197
400	  0.803197
401	  0.805197
402	  0.807197
403	  0.809197
404	  0.811197
405	  0.813197
406	  0.815197
407	  0.817197
408	  0.819197
409	  0.821197
410	  0.823197
411	  0.825197
412	  0.827196
413	  0.829196
414	  0.831196
415	  0.833196
416	  0.835196
417	  0.837196
418	  0.839196
419	  0.841196
420	  0.843196
421	  0.845196
422	  0.847196
423	  0.849196
424	  0.851196
425	  0.853196
426	  0.855196
427	  0.857196
428	  0.859196
429	  0.861196
430	  0.863196
431	  0.865196
432	  0.867196
433	  0.869196
434	  0.871196
435	  0.873196
436	  0.875196
437	  0.877196
438	  0.879196
439	  0.881196
440	  0.883196
441	  0.885196
442	  0.887196
443	  0.889196
444	  0.891196
445	  0.893196
446	  0.895196
447	  0.897196
448	  0.899196
449	  0.901196
450	  0.903196
451	  0.905195
452	  0.907195
453	  0.909195
454	  0.911195
455	  0.913195
456	  0.915195
457	  0.917195
458	  0.919195
459	  0.921195
460	  0.923195
461	  0.925195
462	  0.927195
463	  0.929195
464	  0.931195
465	  0.933195
466	  0.935195
467	  0.937195
468	  0.939195
469	  0.941195
470	  0.943195
471	  0.945195
472	  0.947195
473	  0.949195
474	  0.951195
475	  0.953195
476	  0.955195
477	  0.957195
478	  0.959195
479	  0.961195
480	  0.963195
481	  0.965195
482	  0.967195
483	  0.969195
484	  0.971195
485	  0.973195
486	  0.975195
487	  0.977195
488	  0.979195
489	  0.981194
490	  0.983194
491	  0.985194
492	  0.987194
493	  0.989194
494	  0.991194
495	  0.993194
496	  0.995194
497	  0.997194
498	  0.999194
499	  1.001194
500	  1.003194
501	  1.005194
502	  1.007194
503	  1.009194
504	  1.011194
505	  1.013194
506	  1.015194
507	  1.017194
508	  1.019194
509	  1.021194
510	  1.023194
511	  1.025194
512	  1.027194
513	  1.029194
514	  1.031194
515	  1.033194
516	  1.035194
517	  1.037194
518	  1.039194
519	  1.041194
520	  1.043194
521	  1.045194
522	  1.047194
523	  1.049194
524	  1.051194
525	  1.053194
526	  1.055194
527	  1.057194
528	  1.059194
529	  1.061194
530	  1.063194
531	  1.065194
532	  1.067194
533	  1.069193
534	  1.071193
535	  1.073193
536	  1.075193
537	  1.077193
538	  1.079193
539	  1.081193
540	  1.083193
541	  1.085193
542	  1.087193
543	  1.089193
544	  1.091193
545	  1.093193
546	  1.095193
547	  1.097193
548	  1.099193
549	  1.101193
550	  1.103193
551	  1.105193
552	  1.107193
553	  1.109193
554	  1.111193
555	  1.113193
556	  1.115193
557	  1.117193
558	  1.119193
559	  1.121193
560	  1.123193
561	  1.125193
562	  1.127193
563	  1.129193
564	  1.131193
565	  1.133193
566	  1.135193
567	  1.137193
568	  1.139193
569	  1.141193
570	  1.143193
571	  1.145193
572	  1.147192
573	  1.149192
574	  1.151192
575	  1.153192
576	  1.155192
577	  1.157192
578	  1.159192
579	  1.161192
580	  1.163192
581	  1.165192
582	  1.167192
583	  1.169192
584	  1.171192
585	  1.173192
586	  1.175192
587	  1.177192
588	  1.179192
589	  1.181192
590	  1.183192
591	  1.185192
592	  1.187192
593	  1.189192
594	  1.191192
595	  1.193192
596	  1.195192
597	  1.197192
598	  1.199192
599	  1.201192
600	  1.203192
601	  1.205192
602	  1.207192
603	  1.209192
604	  1.211192
605	  1.213192
606	  1.215192
607	  1.217192
608	  1.219192
609	  1.221192
610	  1.223191
611	  1.225191
612	  1.227191
613	  1.229191
614	  1.231191
615	  1.233191
616	  1.235191
617	  1.237191
618	  1.239191
619	  1.241191
620	  1.243191
621	  1.245191
622	  1.247191
623	  1.249191
624	  1.251191
625	  1.253191
626	  1.255191
627	  1.257191
628	  1.259191
629	  1.261191
630	  1.263191
631	  1.265191
632	  1.267191
633	  1.269191
634	  1.271191
635	  1.273191
636	  1.275191
637	  1.277191
638	  1.279191
639	  1.281191
640	  1.283191
641	  1.285191
642	  1.287191
643	  1.289191
644	  1.291191
645	  1.293191
646	  1.295191
647	  1.297191
648	  1.299191
649	  1.301190
650	  1.303190
651	  1.305190
652	  1.307190
653	  1.309190
654	  1.311190
655	  1.313190
656	  1.315190
657	  1.317190
658	  1.319190
659	  1.321190
660	  1.323190
661	  1.325190
662	  1.327190
663	  1.329190
664	  1.331190
665	  1.333190
666	  1.335190
667	  1.337190
668	  1.339190
669	  1.341190
670	  1.343190
671	  1.345190
672	  1.347190
673	  1.349190
674	  1.351190
675	  1.353190
676	  1.355190
677	  1.357190
678	  1.359190
679	  1.361190
680	  1.363190
681	  1.365190
682	  1.367190
683	  1.369190
684	  1.371190
685	  1.373190
686	  1.375190
687	  1.377190
688	  1.379189
689	  1.381189
690	  1.383189
691	  1.385189
692	  1.387189
693	  1.389189
694	  1.391189
695	  1.393189
696	  1.395189
697	  1.397189
698	  1.399189
699	  1.401189
700	  1.403189
701	  1.405189
702	  1.407189
703	  1.409189
704	  1.411189
705	  1.413189
706	  1.415189
707	  1.417189
708	  1.419189
709	  1.421189
710	  1.423189
711	  1.425189
712	  1.427189
713	  1.429189
714	  1.431189
715	  1.433189
716	  1.435189
717	  1.437189
718	  1.439189
719	  1.441189
720	  1.443189
721	  1.445189
722	  1.447189
723	  1.449189
724	  1.451189
725	  1.453189
726	  1.455189
727	  1.457188
728	  1.459188
729	  1.461188
730	  1.463188
731	  1.465188
732	  1.467188
733	  1.469188
734	  1.471188
735	  1.473188
736	  1.475188
737	  1.477188
738	  1.479188
739	  1.481188
740	  1.483188
741	  1.485188
742	  1.487188
743	  1.489188
744	  1.491188
745	  1.493188
746	  1.495188
747	  1.497188
748	  1.499188
749	  1.501188
750	  1.503188
751	  1.505188
752	  1.507188
753	  1.509188
754	  1.511188
755	  1.513188
756	  1.515188
757	  1.517188
758	  1.519188
759	  1.521188
760	  1.523188
761	  1.525188
762	  1.527188
763	  1.529188
764	  1.531188
765	  1.533188
766	  1.535187
767	  1.537187
768	  1.539187
769	  1.541187
770	  1.543187
771	  1.545187
772	  1.547187
773	  1.549187
774	  1.551187
775	  1.553187
776	  1.555187
777	  1.557187
778	  1.559187
779	  1.561187
780	  1.563187
781	  1.565187
782	  1.567187
783	  1.569187
784	  1.571187
785	  1.573187
786	  1.575187
787	  1.577187
788	  1.579187
789	  1.581187
790	  1.583187
791	  1.585187
792	  1.587187
793	  1.589187
794	  1.591187
795	  1.593187
796	  1.595187
797	  1.597187
798	  1.599187
799	  1.601187
800	  1.603187
801	  1.605187
802	  1.607187
803	  1.609187
804	  1.611187
805	  1.613186
806	  1.615186
807	  1.617186
808	  1.619186
809	  1.621186
810	  1.623186
811	  1.625186
812	  1.627186
813	  1.629186
814	  1.631186
815	  1.633186
816	  1.635186
817	  1.637186
818	  1.639186
819	  1.641186
820	  1.643186
821	  1.645186
822	  1.647186
823	  1.649186
824	  1.651186
825	  1.653186
826	  1.655186
827	  1.657186
828	  1.659186
829	  1.661186
830	  1.663186
831	  1.665186
832	  1.667186
833	  1.669186
834	  1.671186
835	  1.673186
836	  1.675186
837	  1.677186
838	  1.679186
839	  1.681186
840	  1.683186
841	  1.685186
842	  1.687186
843	  1.689186
844	  1.691185
845	  1.693185
846	  1.695185
847	  1.697185
848	  1.699185
849	  1.701185
850	  1.703185
851	  1.705185
852	  1.707185
853	  1.709185
854	  1.711185
855	  1.713185
856	  1.715185
857	  1.717185
858	  1.719185
859	  1.721185
860	  1.723185
861	  1.725185
862	  1.727185
863	  1.729185
864	  1.731185
865	  1.733185
866	  1.735185
867	  1.737185
868	  1.739185
869	  1.741185
870	  1.743185
871	  1.745185
872	  1.747185
873	  1.749185
874	  1.751185
875	  1.753185
876	  1.755185
877	  1.757185
878	  1.759185
879	  1.761185
880	  1.763185
881	  1.765185
882	  1.767184
883	  1.769184
884	  1.771184
885	  1.773184
886	  1.775184
887	  1.777184
888	  1.779184
889	  1.781184
890	  1.783184
891	  1.785184
892	  1.787184
893	  1.789184
894	  1.791184
895	  1.793184
896	  1.795184
897	  1.797184
898	  1.799184
899	  1.801184
900	  1.803184
901	  1.805184
902	  1.807184
903	  1.809184
904	  1.811184
905	  1.813184
906	  1.815184
907	  1.817184
908	  1.819184
909	  1.821184
910	  1.823184
911	  1.825184
912	  1.827184
913	  1.829184
914	  1.831184
915	  1.833184
916	  1.835184
917	  1.837184
918	  1.839184
919	  1.841184
920	  1.843184
921	  1.845183
922	  1.847183
923	  1.849183
924	  1.851183
925	  1.853183
926	  1.855183
927	  1.857183
928	  1.859183
929	  1.861183
930	  1.863183
931	  1.865183
932	  1.867183
933	  1.869183
934	  1.871183
935	  1.873183
936	  1.875183
937	  1.877183
938	  1.879183
939	  1.881183
940	  1.883183
941	  1.885183
942	  1.887183
943	  1.889183
944	  1.891183
945	  1.893183
946	  1.895183
947	  1.897183
948	  1.899183
949	  1.901183
950	  1.903183
951	  1.905183
952	  1.907183
953	  1.909183
954	  1.911183
955	  1.913183
956	  1.915183
957	  1.917183
958	  1.919183
959	  1.921183
960	  1.923182
961	  1.925182
962	  1.927182
963	  1.929182
964	  1.931182
965	  1.933182
966	  1.935182
967	  1.937182
968	  1.939182
969	  1.941182
970	  1.943182
971	  1.945182
972	  1.947182
973	  1.949182
974	  1.951182
975	  1.953182
976	  1.955182
977	  1.957182
978	  1.959182
979	  1.961182
980	  1.963182
981	  1.965182
982	  1.967182
983	  1.969182
984	  1.971182
985	  1.973182
986	  1.975182
987	  1.977182
988	  1.979182
989	  1.981182
990	  1.983182
991	  1.985182
992	  1.987182
993	  1.989182
994	  1.991182
995	  1.993182
996	  1.995182
997	  1.997182
